3|1543137130.595583
[(0.3700000047683716, 0.3700000047683716, 0.3700000047683716, 0.0), (0.3700000047683716, 0.3700000047683716, 0.3700000047683716, 0.0), (0.3700000047683716, 0.3700000047683716, 0.3700000047683716, 0.0), (0.3700000047683716, 0.3700000047683716, 0.3700000047683716, 0.0), (0.3700000047683716, 0.3700000047683716, 0.3700000047683716, 0.0), (0.3700000047683716, 0.3700000047683716, 0.3700000047683716, 0.0), (0.3700000047683716, 0.3700000047683716, 0.3700000047683716, 0.0), (0.3700000047683716, 0.3700000047683716, 0.3700000047683716, 0.0), (0.3700000047683716, 0.3700000047683716, 0.3700000047683716, 0.0), (0.3700000047683716, 0.3700000047683716, 0.3700000047683716, 0.0), (0.3700000047683716, 0.3700000047683716, 0.3700000047683716, 0.0), (0.3700000047683716, 0.3700000047683716, 0.3700000047683716, 0.0), (0.3700000047683716, 0.3700000047683716, 0.3700000047683716, 0.0), (0.3700000047683716, 0.3700000047683716, 0.3700000047683716, 0.0), (0.3700000047683716, 0.3700000047683716, 0.3700000047683716, 0.0), (0.3700000047683716, 0.3700000047683716, 0.3700000047683716, 0.0), (0.3700000047683716, 0.3700000047683716, 0.3700000047683716, 0.0), (0.3700000047683716, 0.3700000047683716, 0.3700000047683716, 0.0), (0.3700000047683716, 0.3700000047683716, 0.3700000047683716, 0.0), (0.3700000047683716, 0.3700000047683716, 0.3700000047683716, 0.0), (0.3700000047683716, 0.3700000047683716, 0.3700000047683716, 0.0), (0.3700000047683716, 0.3700000047683716, 0.3700000047683716, 0.0), (0.3700000047683716, 0.3700000047683716, 0.3700000047683716, 0.0), (0.3700000047683716, 0.3700000047683716, 0.3700000047683716, 0.0), (0.3700000047683716, 0.3700000047683716, 0.3700000047683716, 0.0), (0.3700000047683716, 0.3700000047683716, 0.3700000047683716, 0.0), (0.3700000047683716, 0.3700000047683716, 0.3700000047683716, 0.0), (0.3700000047683716, 0.3700000047683716, 0.3700000047683716, 0.0), (0.3700000047683716, 0.3700000047683716, 0.3700000047683716, 0.0), (0.3700000047683716, 0.3700000047683716, 0.3700000047683716, 0.0), (0.3700000047683716, 0.3700000047683716, 0.3700000047683716, 0.0), (0.3700000047683716, 0.3700000047683716, 0.3700000047683716, 0.0), (0.3700000047683716, 0.3700000047683716, 0.3700000047683716, 0.0), (0.3700000047683716, 0.3700000047683716, 0.3700000047683716, 0.0), (0.3700000047683716, 0.3700000047683716, 0.3700000047683716, 0.0), (0.3700000047683716, 0.3700000047683716, 0.3700000047683716, 0.0), (0.3700000047683716, 0.3700000047683716, 0.3700000047683716, 0.0), (0.3700000047683716, 0.3700000047683716, 0.3700000047683716, 0.0), (0.3700000047683716, 0.3700000047683716, 0.3700000047683716, 0.0), (0.3700000047683716, 0.3700000047683716, 0.3700000047683716, 0.0), (0.3700000047683716, 0.3700000047683716, 0.3700000047683716, 0.0), (0.3700000047683716, 0.3700000047683716, 0.3700000047683716, 0.0), (0.3700000047683716, 0.3700000047683716, 0.3700000047683716, 0.0), (0.3700000047683716, 0.3700000047683716, 0.3700000047683716, 0.0), (0.3700000047683716, 0.3700000047683716, 0.3700000047683716, 0.0), (0.3700000047683716, 0.3700000047683716, 0.3700000047683716, 0.0), (0.3700000047683716, 0.3700000047683716, 0.3700000047683716, 0.0), (0.3700000047683716, 0.3700000047683716, 0.3700000047683716, 0.0), (0.3700000047683716, 0.3700000047683716, 0.3700000047683716, 0.0), (0.3700000047683716, 0.3700000047683716, 0.3700000047683716, 0.0), (0.3700000047683716, 0.3700000047683716, 0.3700000047683716, 0.0), (0.3700000047683716, 0.3700000047683716, 0.3700000047683716, 0.0), (0.3700000047683716, 0.3700000047683716, 0.3700000047683716, 0.0), (0.3700000047683716, 0.3700000047683716, 0.3700000047683716, 0.0), (0.3700000047683716, 0.3700000047683716, 0.3700000047683716, 0.0), (0.3700000047683716, 0.3700000047683716, 0.3700000047683716, 0.0), (0.3700000047683716, 0.3700000047683716, 0.3700000047683716, 0.0), (0.3700000047683716, 0.3700000047683716, 0.3700000047683716, 0.0), (0.3700000047683716, 0.3700000047683716, 0.3700000047683716, 0.0), (0.3700000047683716, 0.3700000047683716, 0.3700000047683716, 0.0), (0.800000011920929, 0.800000011920929, 0.800000011920929, 0.0), (0.800000011920929, 0.800000011920929, 0.800000011920929, 0.0), (0.800000011920929, 0.800000011920929, 0.800000011920929, 0.0), (0.800000011920929, 0.800000011920929, 0.800000011920929, 0.0), (0.800000011920929, 0.800000011920929, 0.800000011920929, 0.0), (0.800000011920929, 0.800000011920929, 0.800000011920929, 0.0), (0.800000011920929, 0.800000011920929, 0.800000011920929, 0.0), (0.800000011920929, 0.800000011920929, 0.800000011920929, 0.0), (0.800000011920929, 0.800000011920929, 0.800000011920929, 0.0), (0.800000011920929, 0.800000011920929, 0.800000011920929, 0.0), (0.800000011920929, 0.800000011920929, 0.800000011920929, 0.0), (0.800000011920929, 0.800000011920929, 0.800000011920929, 0.0), (0.800000011920929, 0.800000011920929, 0.800000011920929, 0.0), (0.800000011920929, 0.800000011920929, 0.800000011920929, 0.0), (0.800000011920929, 0.800000011920929, 0.800000011920929, 0.0), (0.800000011920929, 0.800000011920929, 0.800000011920929, 0.0), (0.800000011920929, 0.800000011920929, 0.800000011920929, 0.0), (0.800000011920929, 0.800000011920929, 0.800000011920929, 0.0)]
CASCADE Topology V1, (c) Matra-Datavision
Locations 4
1
              1               0               0               0 
              0               1               0               0 
              0               0               1               0 
1
              1               0               0               0 
              0               1               0               0 
              0               0               1               0 
1
              1               0               0               0 
              0               1               0               0 
              0               0               1               0 
2  3 -1 0
Curve2ds 132
1 6.2831853071795862 0 -0 1 
1 7.686288881514586 0 -1 0 
1 7.6631079635035864 4.4408920985009999e-16 -1 0 
1 7.686288881514586 5.5 -1 0 
1 5.560899361091586 0 -0 1 
1 7.6631079635035864 5.5 -1 0 
1 6.2831853071795862 0 -0 1 
1 5.5321839233425862 0 -0 1 
1 -3.1415926535900001 0 1 0 
1 -4.7123889803849996 0 1 0 
1 10.995574287564587 0 -1 0 
1 9.4247779607695854 0 -1 0 
1 0 0 0 1 
1 0 0 0 1 
1 6.2831853071795862 0 -0 1 
1 1.570796326795 0 0 1 
1 1.570796326795 1.5 -1 -0 
1 6.2831853071795862 0 -1 0 
1 6.2831853071795862 1.5 -1 0 
1 6.2831853071795862 0 -1 0 
1 4.7123889803845866 0 -0 1 
1 0 0 0 1 
1 0 0 0 1 
1 0 0 0 1 
1 6.2831853071795862 0 -0 1 
1 1.570796326795 0 0 1 
1 1.570796326795 1.5 -1 -0 
1 6.2831853071795862 0 -1 0 
1 6.2831853071795862 1.5 -1 0 
1 6.2831853071795862 0 -1 0 
1 4.7123889803845866 0 -0 1 
1 0 0 0 1 
1 10.440981093936585 5.5 -1 0 
1 -1.3799226563239999 5.5 1 0 
1 6.2831853071795862 0 -0 1 
1 10.440981093936585 1.650730123695e-30 -1 0 
1 -1.3799226563239999 0 1 0 
1 5.560899361091586 0 -0 1 
1 0 0 0 1 
7 0 0  1 2 2  0 0  1.570796326795 0 
 0 2 1.570796326795 2
7 0 0  1 2 2  4.7123889803845866 0  4.7123889803845866 1.570796326795 
 0 2 1.570796326795 2
1 1.570796326795 0 0 1 
7 0 0  1 2 2  0 19  1.570796326795 19 
 0 2 1.570796326795 2
7 0 0  1 2 2  6.2831853071795862 0  6.2831853071795862 1.570796326795 
 0 2 1.570796326795 2
1 6.2831853071795862 1.570796326795 -1 0 
7 0 0  1 2 2  0 13  1.570796326795 13 
 0 2 1.570796326795 2
7 0 0  1 2 2  6.2831853071795862 0  6.2831853071795862 1.570796326795 
 0 2 1.570796326795 2
1 6.2831853071795862 1.570796326795 -1 0 
7 0 0  1 2 2  0 0  1.570796326795 0 
 0 2 1.570796326795 2
7 0 0  1 2 2  4.7123889803845866 0  4.7123889803845866 1.570796326795 
 0 2 1.570796326795 2
7 0 0  1 2 2  0 0  1.570796326795 0 
 0 2 1.570796326795 2
7 0 0  1 2 2  4.7123889803845866 0  4.7123889803845866 1.570796326795 
 0 2 1.570796326795 2
1 1.570796326795 0 0 1 
1 1.570796326795 0 0 1 
7 0 0  1 2 2  0 13  1.570796326795 13 
 0 2 1.570796326795 2
7 0 0  1 2 2  6.2831853071795862 0  6.2831853071795862 1.570796326795 
 0 2 1.570796326795 2
1 6.2831853071795862 1.570796326795 -1 0 
7 0 0  1 2 2  0 19  1.570796326795 19 
 0 2 1.570796326795 2
7 0 0  1 2 2  6.2831853071795862 0  6.2831853071795862 1.570796326795 
 0 2 1.570796326795 2
1 6.2831853071795862 1.570796326795 -1 0 
7 0 0  1 2 2  0 0  1.570796326795 0 
 0 2 1.570796326795 2
7 0 0  1 2 2  4.7123889803845866 0  4.7123889803845866 1.570796326795 
 0 2 1.570796326795 2
1 1.570796326795 0 0 1 
1 0.75100138383699999 0 0 1 
7 0 0  1 2 2  0.27166668756200002 -4.0000000120730002e-07  0.27166668756200002 10.000000399999999 
 -4.0000000112169999e-07 2 10.000000399999999 2
7 0 0  1 2 2  2.666740178964 -4.0000000120730002e-07  2.666740178964 10.000000399999999 
 -4.0000000112169999e-07 2 10.000000399999999 2
1 -3.3447784406540002 -8.8817841970009999e-16 1 0 
1 1.570796326795 0 0 1 
1 6.2831853071795862 4.7123889803849996 -1 0 
1 1.570796326795 0 0 1 
1 6.2831853071795862 1.570796326795 -1 0 
1 1.570796326795 0 0 1 
1 6.2831853071800001 0 -1 0 
1 0 0 0 1 
7 0 0  8 9 2  -6.6100294330280006e-17 0.20000000000000001  0.196349541599 0.16073009167999999  0.39269908219799998 0.121460174245  0.58904862279600001 0.08449734772577  0.78539816339599999 0.052148249901080003  0.98174770399599998 0.026436390780470002  1.1780972445960001 0.0088121552532310007  1.3744467851960001 3.9269030994700002e-11  1.570796326795 -8.8827841966100004e-16 
 4.7123889803849996 9 6.2831853071800001 9
7 0 0  8 9 2  4.3747917957179998e-15 4.6745005578969998  0.196349541599 4.7137704662170004  0.39269908219900002 4.7530403836510002  0.58904862279299997 4.790003210159  0.78539816340000002 4.8223523080010002  0.98174770399199995 4.848064167105  1.1780972445960001 4.8656884026440004  1.3744467851960001 4.8745005578580001  1.570796326795 4.874500557897 
 4.7123889803849996 9 6.2831853071800001 9
1 -3.3447784406540002 10 1 0 
7 0 0  8 9 2  1.2732526988220001e-18 9.8000000000000007  0.196349541599 9.8392699083200004  0.39269908219900002 9.8785398257570005  0.58904862279900005 9.9155026522790006  0.78539816339599999 9.9478517500470005  0.98174770399699995 9.9735636092340005  1.1780972445960001 9.9911878447410007  1.3744467851960001 9.9999999999610001  1.570796326795 10 
 4.7123889803849996 9 6.2831853071800001 9
7 0 0  8 9 2  6.2831853071795907 4.6745005578969998  6.0868357655805863 4.7137704662170004  5.8904862249815864 4.7530403836390001  5.6941366843795862 4.7900032102079999  5.4977871437855859 4.8223523079320003  5.3014376031835866 4.8480641671360001  5.1050880625835866 4.86568840263  4.9087385219835866 4.8745005578580001  4.7123889803845866 4.874500557897 
 4.7123889803849996 9 6.2831853071800001 9
1 4.7123889803845866 0 -0 1 
1 0 4.7123889803849996 1 0 
1 4.7123889803845866 0 -0 1 
1 0 1.570796326795 1 0 
1 4.7123889803845866 0 -0 1 
1 6.2831853071800001 10 -1 0 
7 0 0  8 9 2  2.0445728631210001 0.20000000000000001  1.8482233215220001 0.16073009167999999  1.6518737809199999 0.121460174245  1.455524240323 0.084497347725009997  1.2591746997190001 0.052148249901820001  1.0628251591269999 0.02643639077976  0.86647561852400001 0.0088121552534160003  0.67012607792500001 3.926892407226e-11  0.47377653632599998 -8.8827841911640005e-16 
 1.570796326795 9 3.1415926535900001 9
7 0 0  8 9 2  -6.6100313717320004e-17 0.32730178817799999  0.196349541599 0.288031879858  0.392699082197 0.248761962423  0.58904862280100001 0.21179913590400001  0.78539816339099999 0.17945003807900001  0.98174770399800004 0.15373817895899999  1.178097244595 0.136113943431  1.3744467851960001 0.127301788217  1.570796326795 0.127301788178 
 1.570796326795 9 3.1415926535900001 9
1 2.0445728631210001 0 0 1 
7 0 0  8 9 2  2.0445728631210001 9.8000000000000007  1.8482233215220001 9.8392699083200004  1.651873780921 9.8785398257570005  1.4555242403249999 9.9155026522790006  1.259174699718 9.9478517500470005  1.0628251591269999 9.9735636092340005  0.86647561852400001 9.9911878447410007  0.67012607792500001 9.9999999999610001  0.47377653632599998 10 
 1.570796326795 9 3.1415926535900001 9
7 0 0  8 9 2  6.2831853071795862 0.32730178817799999  6.0868357655805863 0.288031879858  5.8904862249815864 0.248761962424  5.6941366843785861 0.21179913590300001  5.4977871437855859 0.17945003808099999  5.3014376031785861 0.15373817895799999  5.1050880625845867 0.13611394343200001  4.9087385219835866 0.127301788217  4.7123889803845866 0.127301788178 
 1.570796326795 9 3.1415926535900001 9
7 0 0  1 2 2  0 4.4951315837159997  1.570796326795 4.4951315837159997 
 0 2 1.570796326795 2
7 0 0  1 2 2  6.2831853071795862 0  6.2831853071795862 1.570796326795 
 0 2 1.570796326795 2
1 0 0 0 1 
7 0 0  1 2 2  0 -1.7536686908389999e-15  1.570796326795 -1.7536686908389999e-15 
 0 2 1.570796326795 2
7 0 0  1 2 2  4.6499437723085864 0  4.6499437723085864 1.570796326795 
 0 2 1.570796326795 2
1 6.2831853071795862 0 -1 0 
1 5.8094087708535866 -0.20000000000000001 -1 0 
7 0 0  1 2 2  0 4.9273445340849999  1.570796326795 4.9273445340849999 
 0 2 1.570796326795 2
7 0 0  1 2 2  6.2831853071795871 3.1415926535900001  6.2831853071795871 4.7123889803849996 
 0 2 1.570796326795 2
1 0 0 0 1 
7 0 0  1 2 2  0 6.6139187059430004e-16  1.570796326795 6.6139187059430004e-16 
 3.1415926535900001 2 4.7123889803849996 2
7 0 0  1 2 2  5.9501493498415865 3.1415926535900001  5.9501493498415865 4.7123889803849996 
 3.1415926535900001 2 4.7123889803849996 2
1 6.2831853071795862 3.1415926535900001 -1 0 
1 1.0345745823935859 -0.20000000000000001 1 -0 
1 0 0 0 1 
1 1.3676105397305864 0 -0 -1 
1 6.2831853071795862 0 -0 1 
7 0 0  1 2 2  0.33303595733800001 3.1415926535900001  0.33303595733800001 4.7123889803849996 
 3.1415926535900001 2 4.7123889803849996 2
7 0 0  1 2 2  6.2831853071795862 8.6948980223240003e-16  4.7123889803845866 8.6948980223240003e-16 
 3.1415926535900001 2 4.7123889803849996 2
1 6.2831853071795862 0 -0 1 
7 0 0  1 2 2  0 0  0 1.570796326795 
 0 2 1.570796326795 2
7 0 0  1 2 2  6.2831853071795862 4.4951315837159997  4.7123889803845866 4.4951315837159997 
 0 2 1.570796326795 2
1 0 0 1 0 
1 5.8094087708535866 -9.8000000000000007 -1 0 
7 0 0  1 2 2  1.6332415348710001 0  1.6332415348710001 1.570796326795 
 0 2 1.570796326795 2
7 0 0  1 2 2  6.2831853071795862 -2.4409943992800002e-15  4.7123889803845866 -2.4409943992800002e-15 
 0 2 1.570796326795 2
1 6.2831853071795862 0 -0 1 
7 0 0  1 2 2  0 3.1415926535900001  0 4.7123889803849996 
 0 2 1.570796326795 2
7 0 0  1 2 2  6.2831853071795862 4.9273445340849999  4.7123889803845866 4.9273445340849999 
 0 2 1.570796326795 2
1 0 3.1415926535900001 1 0 
1 1.0345745823935859 -9.8000000000000007 1 -0 
1 5.8094087708535866 0 -0 -1 
1 4.1761672359825859 0 -0 -1 
1 1.0345745823935859 0 -0 -1 
1 0 -1 1 0 
1 0 0 1 0 
1 4.1389114358025836e-13 0 0 -1 
1 6.2831853071795862 0 0 -1 
1 0 -1 1 0 
1 0 0 1 0 
1 4.1389114358025836e-13 0 0 -1 
1 6.2831853071795862 0 0 -1 
Curves 194
1 -9.7255129999999994 2.75 8.7323810000000002 0.16690791274407205 -6.5678961522558349e-16 -0.98597248879642552 
1 -9.7129044984600004 2.75 8.6578989970860007 0 -1 4.4408920985009999e-16 
1 -9.7255129999999994 -2.75 8.7323810000000002 0.16690791274407205 -6.5678961522558349e-16 -0.98597248879642552 
1 -8.5 -1.625 1.492927322821 0 1 -4.4408920985009999e-16 
1 -8.4155409999999993 2.75 0.064183000000000004 -0.18971677089192393 6.540360652503377e-16 0.98183885991660635 
1 -8.5 2.75 0.032091500000000002 0 6.6613381477510004e-16 1 
2 -9.5157100007010005 2.75 8.6912805796350003 0 1 -4.4408920985009999e-16 0 -4.4408920985009999e-16 -1 -1 0 -0 0.20000000000000001
1 -8.4512230000000006 2.75 10.789536 -0.52659751169619207 -5.6629017064320646e-16 -0.85011473383031011 
1 -8.5 2.75 0.032091500000000002 0 6.6613381477510004e-16 1 
1 -9.0294670000000004 2.75 10.789536 1 0 0 
1 -10.144425 2.75 9.0116549999999993 0.53129439939002077 5.6434008434822212e-16 0.84718726452703308 
2 -9.933099769599 2.75 8.9721892044720004 0 1 -4.4408920985009999e-16 0 -4.4408920985009999e-16 -1 -1 0 -0 0.20000000000000001
2 -9.5157100007010005 -2.75 8.6912805796350003 0 1 -4.4408920985009999e-16 0 -4.4408920985009999e-16 -1 -1 0 -0 0.20000000000000001
1 -9.6857329474670006 2.75 8.7966000819740007 0 -1 4.4408920985009999e-16 
1 -8.5 -6 0 0 0 1 
1 -8.5 -6 11 0 1 0 
1 -8.5 6 0 0 0 1 
1 -8.5 -6 0 0 1 0 
1 -8.5 -2.75 0.032091500000000002 0 6.6613381477510004e-16 1 
1 -8.5 -1.625 0.50128261897299997 0 -1 4.4408920985009999e-16 
1 -8.5 -1.625 10.710792661015001 0 -1 4.4408920985009999e-16 
1 -8.5 -1.625 10.789536 0 1 -4.4408920985009999e-16 
1 -8.5 -2.75 0.032091500000000002 0 6.6613381477510004e-16 1 
1 -8.4155409999999993 -2.75 0.064183000000000004 -0.18971677089192393 6.540360652503377e-16 0.98183885991660635 
1 -8.4512230000000006 -2.75 10.789536 -0.52659751169619207 -5.6629017064320646e-16 -0.85011473383031011 
1 -9.0294670000000004 -2.75 10.789536 1 0 0 
1 -10.144425 -2.75 9.0116549999999993 0.53129439939002077 5.6434008434822212e-16 0.84718726452703308 
2 -9.933099769599 -2.75 8.9721892044720004 0 1 -4.4408920985009999e-16 0 -4.4408920985009999e-16 -1 -1 0 -0 0.20000000000000001
1 -10.12946754158 2.75 8.9342458502939994 0 -1 4.4408920985009999e-16 
1 -10.102537222500001 2.75 9.0784480843500006 0 -1 4.4408920985009999e-16 
1 -9.0294670000000004 2.75 10.789536 0 -1 4.4408920985009999e-16 
1 8.5 -6 0 0 0 1 
1 8.5 -6 11 -1 0 0 
1 8.5 -6 0 -1 0 0 
1 -8.5 6 0 1 0 0 
1 8.5 6 0 0 -1 0 
1 -10.5 7.5 11 1 0 0 
2 -9.5 6.5 11 -0 0 1 0 -1 0 1 0 0 1
1 -10.5 -7.5 11 0 1 0 
2 -9.5 -6.5 11 -0 0 1 0 -1 0 1 0 0 1
1 10.5 -7.5 11 -1 0 0 
2 9.5 -6.5 11 -0 -0 -1 0 -1 0 -1 0 0 1
1 10.5 7.5 11 0 -1 0 
2 9.5 6.5 11 -0 -0 -1 0 -1 0 -1 0 0 1
1 -8.5 6 11 1 0 0 
1 8.5 6 11 0 -1 0 
1 8.5 6 0 0 0 1 
1 8.5 -2.75 0.032091500000000002 -0 6.6613381477510004e-16 1 
1 8.5 4.375 10.789536 0 1 -4.4408920985009999e-16 
1 8.5 2.75 0.032091500000000002 -0 6.6613381477510004e-16 1 
1 8.5 4.375 10.710792661015001 0 -1 4.4408920985009999e-16 
1 8.5 2.75 0.032091500000000002 -0 6.6613381477510004e-16 1 
1 8.5 4.375 0.50128261897299997 0 -1 4.4408920985009999e-16 
1 8.5 -2.75 0.032091500000000002 -0 6.6613381477510004e-16 1 
1 8.5 4.375 1.492927322821 0 1 -4.4408920985009999e-16 
1 -9.5 7.5 11 0 0 1 
1 -9.5 7.5 12.5 1 0 0 
1 9.5 7.5 11 0 0 1 
1 -10.5 6.5 11 0 0 1 
2 -9.5 6.5 12.5 0 0 -1 -1 0 0 0 1 0 1
2 9.5 6.5 12.5 0 0 -1 0 1 0 1 -0 0 1
1 10.5 6.5 11 0 0 1 
1 -10.5 -6.5 11 0 0 1 
1 -10.5 -6.5 12.5 0 1 0 
1 10.5 6.5 12.5 0 -1 0 
1 10.5 -6.5 11 0 0 1 
1 -9.5 -7.5 11 0 0 1 
2 -9.5 -6.5 12.5 -0 -0 -1 0 -1 0 -1 0 0 1
2 9.5 -6.5 12.5 0 0 -1 1 0 0 0 -1 0 1
1 9.5 -7.5 11 0 0 1 
1 9.5 -7.5 12.5 -1 0 0 
1 8.4155409999999993 -2.75 0.064183000000000004 0.18971677089192393 6.540360652503377e-16 0.98183885991660635 
1 9.7255129999999994 -2.75 8.7323810000000002 -0.16690791274407205 -6.5678961522558349e-16 -0.98597248879642552 
2 9.5157100007010005 -2.75 8.6912805796350003 0 1 -4.4408920985009999e-16 0 -4.4408920985009999e-16 -1 -1 0 -0 0.20000000000000001
1 8.4512230000000006 -2.75 10.789536 0.52659751169619207 -5.6629017064320646e-16 -0.85011473383031011 
1 9.0294670000000004 -2.75 10.789536 -1 0 0 
1 10.144425 -2.75 9.0116549999999993 -0.53129439939002077 5.6434008434822212e-16 0.84718726452703308 
2 9.933099769599 -2.75 8.9721892044720004 0 -1 4.4408920985009999e-16 0 -4.4408920985009999e-16 -1 1 0 0 0.20000000000000001
1 8.4512230000000006 2.75 10.789536 0.52659751169619207 -5.6629017064320646e-16 -0.85011473383031011 
1 9.6857329474670006 2.75 8.7966000819740007 0 -1 4.4408920985009999e-16 
1 8.4155409999999993 2.75 0.064183000000000004 0.18971677089192393 6.540360652503377e-16 0.98183885991660635 
1 9.7255129999999994 2.75 8.7323810000000002 -0.16690791274407205 -6.5678961522558349e-16 -0.98597248879642552 
2 9.5157100007010005 2.75 8.6912805796350003 0 1 -4.4408920985009999e-16 0 -4.4408920985009999e-16 -1 -1 0 -0 0.20000000000000001
1 9.0294670000000004 2.75 10.789536 -1 0 0 
1 10.144425 2.75 9.0116549999999993 -0.53129439939002077 5.6434008434822212e-16 0.84718726452703308 
2 9.933099769599 2.75 8.9721892044720004 0 -1 4.4408920985009999e-16 0 -4.4408920985009999e-16 -1 1 0 0 0.20000000000000001
1 9.0294670000000004 2.75 10.789536 0 -1 4.4408920985009999e-16 
1 9.7129044984600004 2.75 8.6578989970860007 0 -1 4.4408920985009999e-16 
1 10.129467541583001 2.75 8.9342458502939994 0 -1 4.4408920985009999e-16 
2 -9.5 7 12.5 1 0 0 -0 1 0 0 -0 1 0.5
1 -9.5 7 13 1 0 0 
2 9.5 7 12.5 1 0 0 -0 1 0 0 -0 1 0.5
2 -9.5 6.5 13 0 0 -1 -1 0 0 0 1 0 0.5
2 -10 6.5 12.5 0 1 -0 -1 0 0 0 0 1 0.5
2 9.5 6.5 13 0 0 -1 0 1 0 1 -0 0 0.5
2 10 6.5 12.5 6.1232339957370002e-17 -1 0 1 6.1232339957370002e-17 0 -0 0 1 0.5
2 -10 -6.5 12.5 -6.1232339957370002e-17 1 0 -1 -6.1232339957370002e-17 0 0 0 1 0.5
1 -10 -6.5 13 0 1 0 
1 10 6.5 13 0 -1 0 
2 10 -6.5 12.5 0 -1 0 1 0 0 -0 0 1 0.5
2 -9.5 -6.5 13 -0 -0 -1 0 -1 0 -1 0 0 0.5
2 -9.5 -7 12.5 -1 0 0 0 -1 0 0 0 1 0.5
2 9.5 -6.5 13 0 0 -1 1 0 0 0 -1 0 0.5
2 9.5 -7 12.5 -1 -6.1232339957370002e-17 0 6.1232339957370002e-17 -1 0 0 0 1 0.5
1 9.5 -7 13 -1 0 0 
1 10.102537222504999 2.75 9.0784480843500006 0 -1 4.4408920985009999e-16 
1 -5.7500770323800001 5 13 -1 0 0 
1 7.2263656859100003 5 13 0 -1 4.4408920985009999e-16 
1 -5.7500770323800001 -5 13 -1 0 0 
1 -5.5918033637439999 5 13 0 -1 4.4408920985009999e-16 
2 -5.538135889656 5 13.192665 0 -1 4.4408920985009999e-16 0 -4.4408920985009999e-16 -1 1 0 0 0.20000000000000001
1 -0.95979594460600004 5 14.135935275873001 -0.97942868726686649 -1.3441954267598169e-16 -0.20179060076897248 
2 -1.75489299115 5 17.995088544552999 0 1 -6.6613381477510004e-16 0.51089168703992305 -5.7263866445325896e-16 -0.8596450919498706 -0.8596450919498706 -3.4032222842479048e-16 -0.51089168703992305 3.9402085305969998
1 4.4938943374080003 5 17.125246981610001 -0.8596450919498706 -3.403222284245488e-16 -0.51089168703992305 
2 4.7773730778530004 5 16.648255255030001 0 -1 6.6613381477510004e-16 0.88985159288589033 3.0392361149297193e-16 0.45625008782294374 -0.45625008782294374 5.9276023615277738e-16 0.88985159288589033 0.55487052860099995
1 7.3220296814230004 5 12.901414982435 -0.45625008782294374 5.9276023615252692e-16 0.88985159288589033 
2 7.1726982118220004 5 13.192665 0 1 -4.4408920985009999e-16 0 -4.4408920985009999e-16 -1 -1 0 -0 0.20000000000000001
1 -5.57849400981 5 13.388550737453 0 -1 4.4408920985009999e-16 
3 -5.538135889656 4.7999999999999998 13.192665 -0.69256066645484171 -0.70710678118683834 -0.14268750218296739 -0.69256066645541137 0.70710678118625681 -0.14268750218308474 0.20179060076837602 1.3877787807814454e-17 -0.97942868726698928 0.28284271247499998 0.20000000000000001
2 -5.538135889656 -5 13.192665 0 -1 4.4408920985009999e-16 0 -4.4408920985009999e-16 -1 1 0 0 0.20000000000000001
3 -5.538135889656 -4.7999999999999998 13.192665 0.69256066645484171 -0.70710678118683834 0.14268750218296739 -0.69256066645541137 -0.70710678118625681 -0.14268750218308474 0.20179060076837602 -1.3877787807814454e-17 -0.97942868726698928 0.28284271247499998 0.20000000000000001
1 -0.95979594460600004 -5 14.135935275873001 -0.97942868726686649 -1.3441954267598169e-16 -0.20179060076897248 
2 -1.75489299115 -5 17.995088544552999 4.9303806576309997e-32 1 -6.6613381477510004e-16 0.51089168703992305 -5.7263866445325896e-16 -0.8596450919498706 -0.8596450919498706 -3.4032222842479043e-16 -0.51089168703992305 3.9402085305969998
1 4.4938943374080003 -5 17.125246981610001 -0.8596450919498706 -3.403222284245488e-16 -0.51089168703992305 
2 4.7773730778530004 -5 16.648255255030001 4.9303806576309997e-32 -1 6.6613381477510004e-16 0.88985159288589033 3.0392361149297198e-16 0.45625008782294374 -0.45625008782294374 5.9276023615277738e-16 0.88985159288589033 0.55487052860099995
1 7.3220296814230004 -5 12.901414982435 -0.45625008782294374 5.9276023615252692e-16 0.88985159288589033 
2 7.1726982118220004 -5 13.192665 0 1 -4.4408920985009999e-16 0 -4.4408920985009999e-16 -1 -1 0 -0 0.20000000000000001
3 7.1726982118220004 4.7999999999999998 13.192665 -0.32261753101690477 0.70710678118679116 0.6292200955788142 -0.32261753101712703 -0.70710678118630399 0.62922009557924774 0.88985159288556082 2.7755575615628914e-17 0.45625008782358656 0.28284271247499998 0.20000000000000001
1 7.350668530399 5 13.283915017565 0 -1 4.4408920985009999e-16 
3 7.1726982118220004 -4.7999999999999998 13.192665 0.32261753101690477 0.70710678118679116 -0.6292200955788142 -0.32261753101712703 0.70710678118630399 0.62922009557924774 0.88985159288556082 -2.7755575615628914e-17 0.45625008782358656 0.28284271247499998 0.20000000000000001
2 5.2711255015739997 4.7999999999999998 16.901414982435 -0.45625008782294374 5.9276023615252692e-16 0.88985159288589033 0.88985159288589033 2.0261574099557501e-16 0.45625008782294374 9.0148969933871845e-17 1 -6.1991208996328441e-16 0.20000000000000001
1 7.5 4.7999999999999998 12.992665000000001 -0.45625008782294374 5.9276023615252692e-16 0.88985159288589033 
2 4.4938943374080003 4.7999999999999998 17.125246981610001 -0.8596450919498706 -3.403222284245488e-16 -0.51089168703992305 -0.51089168703992305 5.7263866445331379e-16 0.8596450919498706 2.3577080304792986e-28 1 -6.6613381477502372e-16 0.20000000000000001
2 4.7773730778530004 4.7999999999999998 16.648255255030001 0 -1 6.6613381477510004e-16 0.88985159288589033 3.0392361149297193e-16 0.45625008782294374 -0.45625008782294374 5.9276023615277738e-16 0.88985159288589033 0.75487052860100001
2 0.25812679233399999 4.7999999999999998 14.607907619965999 -0.8596450919498706 -3.403222284245488e-16 -0.51089168703992305 -0.51089168703992305 3.8175910963554244e-16 0.8596450919498706 -9.7518777782044845e-17 1 -5.0204514232235033e-16 0.20000000000000001
1 4.3917159999999997 4.7999999999999998 17.297176 -0.8596450919498706 -3.403222284245488e-16 -0.51089168703992305 
2 -0.95979594460600004 4.7999999999999998 14.135935275873001 -0.97942868726686649 -1.3441954267598169e-16 -0.20179060076897248 0.20179060076897248 -6.5243056774911126e-16 -0.97942868726686649 1.4322755810418993e-29 -1 6.6613381477496524e-16 0.20000000000000001
2 -1.75489299115 4.7999999999999998 17.995088544552999 0 1 -6.6613381477510004e-16 0.51089168703992305 -5.7263866445325896e-16 -0.8596450919498706 -0.8596450919498706 -3.4032222842479048e-16 -0.51089168703992305 3.7402085305970001
1 -1.00015406476 4.7999999999999998 14.331821013326 -0.97942868726686649 -1.3441954267598169e-16 -0.20179060076897248 
1 -1.00015406476 5 14.331821013326 0 -1 4.4408920985009999e-16 
1 -1.00015406476 -4.7999999999999998 14.331821013326 -0.97942868726686649 -1.3441954267598169e-16 -0.20179060076897248 
2 -0.95979594460600004 -4.7999999999999998 14.135935275873001 0.97942868726686649 1.3441954267598169e-16 0.20179060076897248 0.20179060076897248 -6.5243056774911126e-16 -0.97942868726686649 -1.4322755810418993e-29 1 -6.6613381477496524e-16 0.20000000000000001
1 7.5 -4.7999999999999998 12.992665000000001 -0.45625008782294374 5.9276023615252692e-16 0.88985159288589033 
2 5.2711255015739997 -4.7999999999999998 16.901414982435 0.45625008782294374 -5.9276023615252692e-16 -0.88985159288589033 0.88985159288589033 2.0261574099557501e-16 0.45625008782294374 -9.0148969933871845e-17 -1 6.1991208996328441e-16 0.20000000000000001
2 4.7773730778530004 -4.7999999999999998 16.648255255030001 4.9303806576309997e-32 -1 6.6613381477510004e-16 0.88985159288589033 3.0392361149297198e-16 0.45625008782294374 -0.45625008782294374 5.9276023615277738e-16 0.88985159288589033 0.75487052860100001
2 4.4938943374080003 -4.7999999999999998 17.125246981610001 0.8596450919498706 3.403222284245488e-16 0.51089168703992305 -0.51089168703992305 5.7263866445331379e-16 0.8596450919498706 -2.3577080304792986e-28 -1 6.6613381477502372e-16 0.20000000000000001
1 4.3917159999999997 -4.7999999999999998 17.297176 -0.8596450919498706 -3.403222284245488e-16 -0.51089168703992305 
2 0.25812679233399999 -4.7999999999999998 14.607907619965999 0.8596450919498706 3.403222284245488e-16 0.51089168703992305 -0.51089168703992305 3.8175910963554244e-16 0.8596450919498706 9.7518777782044845e-17 -1 5.0204514232235033e-16 0.20000000000000001
2 -1.75489299115 -4.7999999999999998 17.995088544552999 4.9303806576309997e-32 1 -6.6613381477510004e-16 0.51089168703992305 -5.7263866445325896e-16 -0.8596450919498706 -0.8596450919498706 -3.4032222842479043e-16 -0.51089168703992305 3.7402085305970001
1 5.4490958201520003 5 16.992664999999999 0 -1 4.4408920985009999e-16 
1 4.3917159999999997 5 17.297176 0 -1 4.4408920985009999e-16 
1 0.15594845492699999 5 14.779836638356 0 -1 4.4408920985009999e-16 
1 6 2.25 -9 0 -1 8.8817841970009999e-16 
1 6 4 -6.25 0 0.70710678118654757 0.70710678118654757 
1 6 2.25 -1.9984014443250001e-15 0 -1.110223024625e-15 -1 
1 6 2.25 -1.9984014443250001e-15 0 -1 8.8817841970009999e-16 
1 6 -2.25 1.9984014443250001e-15 0 -1.110223024625e-15 -1 
1 6 -2.875 -7.375 0 -0.70710678118654757 0.70710678118654757 
2 6 -1.9458448186069998e-15 -4.381653 1 -9.8607613152630001e-32 -2.22044604925e-16 2.22044604925e-16 4.4408920985009999e-16 1 -9.1303353066163862e-45 -1 4.4408920985009999e-16 0.5
1 6 -1.25 -9 1 0 0 
1 7 2.25 -9 0 -1 8.8817841970009999e-16 
1 6 1.25 -9 1 0 0 
1 7 1.75 -8.5 0 0.70710678118654757 0.70710678118654757 
1 6 2.25 -8 1 0 0 
1 7 -0.625 -9.625 0 -0.70710678118654757 0.70710678118654757 
1 6 -2.25 -8 1 0 0 
1 7 2.25 -1.9984014443250001e-15 -1 0 0 
1 7 2.25 -9 0 1.110223024625e-15 1 
1 7 -2.25 1.9984014443250001e-15 -1 0 0 
1 7 -2.25 -9 0 1.110223024625e-15 1 
1 7 2.25 -1.9984014443250001e-15 0 -1 8.8817841970009999e-16 
2 7 -1.9458448186069998e-15 -4.381653 1 -9.8607613152630001e-32 -2.22044604925e-16 2.22044604925e-16 4.4408920985009999e-16 1 -9.1303353066163862e-45 -1 4.4408920985009999e-16 0.5
1 7 -1.7238002136820001e-15 -3.881653 -1 9.8607613152630001e-32 2.22044604925e-16 
1 -0.5 2.25 -9 0 -1 8.8817841970009999e-16 
1 -0.5 4 -6.25 0 0.70710678118654757 0.70710678118654757 
1 -0.5 2.25 -1.9984014443250001e-15 0 -1.110223024625e-15 -1 
1 -0.5 2.25 -1.9984014443250001e-15 0 -1 8.8817841970009999e-16 
1 -0.5 -2.25 1.9984014443250001e-15 0 -1.110223024625e-15 -1 
1 -0.5 -2.875 -7.375 0 -0.70710678118654757 0.70710678118654757 
2 -0.5 -1.9458448186069998e-15 -4.381653 1 -9.8607613152630001e-32 -2.22044604925e-16 2.22044604925e-16 4.4408920985009999e-16 1 -9.1303353066163862e-45 -1 4.4408920985009999e-16 0.5
1 -0.5 -1.25 -9 1 0 0 
1 0.5 2.25 -9 0 -1 8.8817841970009999e-16 
1 -0.5 1.25 -9 1 0 0 
1 0.5 1.75 -8.5 0 0.70710678118654757 0.70710678118654757 
1 -0.5 2.25 -8 1 0 0 
1 0.5 -0.625 -9.625 0 -0.70710678118654757 0.70710678118654757 
1 -0.5 -2.25 -8 1 0 0 
1 0.5 2.25 -1.9984014443250001e-15 -1 0 0 
1 0.5 2.25 -9 0 1.110223024625e-15 1 
1 0.5 -2.25 1.9984014443250001e-15 -1 0 0 
1 0.5 -2.25 -9 0 1.110223024625e-15 1 
1 0.5 2.25 -1.9984014443250001e-15 0 -1 8.8817841970009999e-16 
2 0.5 -1.9458448186069998e-15 -4.381653 1 -9.8607613152630001e-32 -2.22044604925e-16 2.22044604925e-16 4.4408920985009999e-16 1 -9.1303353066163862e-45 -1 4.4408920985009999e-16 0.5
1 0.5 -1.7238002136820001e-15 -3.881653 -1 9.8607613152630001e-32 2.22044604925e-16 
Polygon3D 42
2 1
0.035
6 1.25 -9 6 -1.25 -9 
1 3.5 
2 1
0.035
6 1.25 -9 6 2.25 -8 
-3.88908729652601 -2.47487373415292 
2 1
0.035
6 2.25 -1.998401444325e-15 6 2.24999999999999 -8 
0 8 
2 1
0.035
6 2.25 -1.998401444325e-15 6 -2.25 1.99840144432545e-15 
0 4.5 
2 1
0.035
6 -2.25 1.998401444325e-15 6 -2.25000000000001 -8 
0 8 
2 1
0.035
6 -1.25 -9 6 -2.25 -8 
-2.29809703885628 -0.883883476483184 
14 1
0.035
6 -1.72380021368195e-15 -3.881653 6 -0.232361586021886 -3.9389249871734 6 -0.41149193294683 -4.09762062663442 6 -0.496354437049029 -4.32138465987234 6 -0.467508121342709 -4.55895544352127 6 -0.3315613291204 -4.75590837408555 6 -0.119657832143781 -4.86712390871303 6 0.119657832143777 -4.86712390871303 6 0.331561329120395 -4.75590837408555 6 0.467508121342705 -4.55895544352127 6 0.496354437049025 -4.32138465987234 6 0.411491932946827 -4.09762062663442 6 0.232361586021883 -3.9389249871734 6 -1.60133553376721e-15 -3.881653 
0 0.483321946706122 0.966643893412244 1.44996584011837 1.93328778682449 2.41660973353061 2.89993168023673 3.38325362694285 3.86657557364898 4.3498975203551 4.83321946706122 5.31654141376734 5.79986336047346 6.28318530717959 
2 1
0.035
6 -1.25 -9 7 -1.25 -9 
0 1 
2 1
0.035
7 1.25 -9 7 -1.25 -9 
1 3.5 
2 1
0.035
6 1.25 -9 7 1.25 -9 
0 1 
2 1
0.035
7 1.25 -9 7 2.25 -8 
-0.707106781186548 0.707106781186548 
2 1
0.035
6 2.25 -8 7 2.25 -8 
0 1 
2 1
0.035
7 -1.25 -9 7 -2.25 -8 
0.883883476483184 2.29809703885628 
2 1
0.035
6 -2.25 -8 7 -2.25 -8 
0 1 
2 1
0.035
7 2.25 -1.998401444325e-15 6 2.25 -1.998401444325e-15 
0 1 
2 1
0.035
7 2.25 -8 7 2.25000000000001 -1.77635683940025e-15 
1 9 
2 1
0.035
7 -2.25 1.998401444325e-15 6 -2.25 1.998401444325e-15 
0 1 
2 1
0.035
7 -2.25 -8 7 -2.24999999999999 1.77635683940025e-15 
1 9 
2 1
0.035
7 2.25 -1.998401444325e-15 7 -2.25 1.99840144432545e-15 
0 4.5 
14 1
0.035
7 -1.72380021368195e-15 -3.881653 7 -0.232361586021886 -3.9389249871734 7 -0.41149193294683 -4.09762062663442 7 -0.496354437049029 -4.32138465987234 7 -0.467508121342709 -4.55895544352127 7 -0.3315613291204 -4.75590837408555 7 -0.119657832143781 -4.86712390871303 7 0.119657832143777 -4.86712390871303 7 0.331561329120395 -4.75590837408555 7 0.467508121342705 -4.55895544352127 7 0.496354437049025 -4.32138465987234 7 0.411491932946827 -4.09762062663442 7 0.232361586021883 -3.9389249871734 7 -1.60133553376721e-15 -3.881653 
0 0.483321946706122 0.966643893412244 1.44996584011837 1.93328778682449 2.41660973353061 2.89993168023673 3.38325362694285 3.86657557364898 4.3498975203551 4.83321946706122 5.31654141376734 5.79986336047346 6.28318530717959 
2 1
0.035
7 -1.723800213682e-15 -3.881653 6 -1.723800213682e-15 -3.881653 
0 1 
2 1
0.035
-0.5 1.25 -9 -0.5 -1.25 -9 
1 3.5 
2 1
0.035
-0.5 1.25 -9 -0.5 2.25 -8 
-3.88908729652601 -2.47487373415292 
2 1
0.035
-0.5 2.25 -1.998401444325e-15 -0.5 2.24999999999999 -8 
0 8 
2 1
0.035
-0.5 2.25 -1.998401444325e-15 -0.5 -2.25 1.99840144432545e-15 
0 4.5 
2 1
0.035
-0.5 -2.25 1.998401444325e-15 -0.5 -2.25000000000001 -8 
0 8 
2 1
0.035
-0.5 -1.25 -9 -0.5 -2.25 -8 
-2.29809703885628 -0.883883476483184 
14 1
0.035
-0.5 -1.72380021368195e-15 -3.881653 -0.5 -0.232361586021886 -3.9389249871734 -0.5 -0.41149193294683 -4.09762062663442 -0.5 -0.496354437049029 -4.32138465987234 -0.5 -0.467508121342709 -4.55895544352127 -0.5 -0.3315613291204 -4.75590837408555 -0.5 -0.119657832143781 -4.86712390871303 -0.5 0.119657832143777 -4.86712390871303 -0.5 0.331561329120395 -4.75590837408555 -0.5 0.467508121342705 -4.55895544352127 -0.5 0.496354437049025 -4.32138465987234 -0.5 0.411491932946827 -4.09762062663442 -0.5 0.232361586021883 -3.9389249871734 -0.5 -1.60133553376721e-15 -3.881653 
0 0.483321946706122 0.966643893412244 1.44996584011837 1.93328778682449 2.41660973353061 2.89993168023673 3.38325362694285 3.86657557364898 4.3498975203551 4.83321946706122 5.31654141376734 5.79986336047346 6.28318530717959 
2 1
0.035
-0.5 -1.25 -9 0.5 -1.25 -9 
0 1 
2 1
0.035
0.5 1.25 -9 0.5 -1.25 -9 
1 3.5 
2 1
0.035
-0.5 1.25 -9 0.5 1.25 -9 
0 1 
2 1
0.035
0.5 1.25 -9 0.5 2.25 -8 
-0.707106781186548 0.707106781186548 
2 1
0.035
-0.5 2.25 -8 0.5 2.25 -8 
0 1 
2 1
0.035
0.5 -1.25 -9 0.5 -2.25 -8 
0.883883476483184 2.29809703885628 
2 1
0.035
-0.5 -2.25 -8 0.5 -2.25 -8 
0 1 
2 1
0.035
0.5 2.25 -1.998401444325e-15 -0.5 2.25 -1.998401444325e-15 
0 1 
2 1
0.035
0.5 2.25 -8 0.5 2.25000000000001 -1.77635683940025e-15 
1 9 
2 1
0.035
0.5 -2.25 1.998401444325e-15 -0.5 -2.25 1.998401444325e-15 
0 1 
2 1
0.035
0.5 -2.25 -8 0.5 -2.24999999999999 1.77635683940025e-15 
1 9 
2 1
0.035
0.5 2.25 -1.998401444325e-15 0.5 -2.25 1.99840144432545e-15 
0 4.5 
14 1
0.035
0.5 -1.72380021368195e-15 -3.881653 0.5 -0.232361586021886 -3.9389249871734 0.5 -0.41149193294683 -4.09762062663442 0.5 -0.496354437049029 -4.32138465987234 0.5 -0.467508121342709 -4.55895544352127 0.5 -0.3315613291204 -4.75590837408555 0.5 -0.119657832143781 -4.86712390871303 0.5 0.119657832143777 -4.86712390871303 0.5 0.331561329120395 -4.75590837408555 0.5 0.467508121342705 -4.55895544352127 0.5 0.496354437049025 -4.32138465987234 0.5 0.411491932946827 -4.09762062663442 0.5 0.232361586021883 -3.9389249871734 0.5 -1.60133553376721e-15 -3.881653 
0 0.483321946706122 0.966643893412244 1.44996584011837 1.93328778682449 2.41660973353061 2.89993168023673 3.38325362694285 3.86657557364898 4.3498975203551 4.83321946706122 5.31654141376734 5.79986336047346 6.28318530717959 
2 1
0.035
0.5 -1.723800213682e-15 -3.881653 -0.5 -1.723800213682e-15 -3.881653 
0 1 
PolygonOnTriangulations 388
2 1 2 
p 0.0895925636535498 1 0.0755416644585303 7.34244997648534 
2 4 3 
p 0.0895925636535498 1 0.0755416644585303 7.34244997648534 
2 1 2 
p 0.0895925636535498 1 0 5.5 
2 1 3 
p 0.0895925636535498 1 0 5.5 
2 3 4 
p 0.0895925636535498 1 0.0755416644585303 7.34244997648534 
2 4 3 
p 0.0895925636535498 1 0.0755416644585303 7.34244997648534 
2 4 2 
p 0.0895925636535498 1 -1.125 4.375 
2 5 6 
p 0.0895925636535498 1 -1.125 4.375 
2 1 2 
p 0.0895925636535498 1 0.445184680315194 9.03413300533582 
2 1 2 
p 0.0895925636535498 1 0.445184680315194 9.03413300533582 
2 1 3 
p 0.0895925636535498 1 0.469191118973 1.460835822821 
2 8 6 
p 0.0895925636535498 1 0.469191118973 1.460835822821 
4 1 7 8 6 
p 0.0895925636535498 1 1.40310357433359 1.6438655563632 1.88462753839281 2.12538952042242 
4 4 6 7 5 
p 0.0895925636535498 1 1.40310357433359 1.6438655563632 1.88462753839281 2.12538952042242 
2 8 5 
p 0.0895925636535498 1 0.0926267194901475 2.34431405399386 
2 1 2 
p 0.0895925636535498 1 0.0926267194901475 2.34431405399386 
2 8 9 
p 0.0895925636535498 1 10.678701161015 10.7574445 
2 9 11 
p 0.0895925636535498 1 10.678701161015 10.7574445 
2 10 9 
p 0.0895925636535498 1 0 0.529467 
2 1 2 
p 0.0895925636535498 1 0 0.529467 
2 11 10 
p 0.0895925636535498 1 0.078840992008446 2.09856908199969 
2 1 2 
p 0.0895925636535498 1 0.078840992008446 2.09856908199969 
5 1 8 9 10 7 
p 0.0895925636535498 1 1.37992265632363 1.56767300228568 1.75542334824773 1.94317369420977 2.13092404017182 
5 2 12 13 14 11 
p 0.0895925636535498 1 1.37992265632363 1.56767300228568 1.75542334824773 1.94317369420977 2.13092404017182 
4 2 4 5 3 
p 0.0895925636535498 1 1.40310357433359 1.6438655563632 1.88462753839281 2.12538952042242 
4 4 6 7 5 
p 0.0895925636535498 1 1.40310357433359 1.6438655563632 1.88462753839281 2.12538952042242 
2 6 3 
p 0.0895925636535498 1 0 5.5 
2 2 4 
p 0.0895925636535498 1 0 5.5 
2 1 2 
p 0.0895925636535498 1 0 11 
2 4 3 
p 0.0895925636535498 1 0 11 
2 2 3 
p 0.0895925636535498 1 0 12 
2 33 34 
p 0.0895925636535498 1 0 12 
2 4 3 
p 0.0895925636535498 1 0 11 
2 1 2 
p 0.0895925636535498 1 0 11 
2 1 4 
p 0.0895925636535498 1 0 12 
2 4 1 
p 0.0895925636535498 1 0 12 
2 7 5 
p 0.0895925636535498 1 0.469191118973 1.460835822821 
2 1 3 
p 0.0895925636535498 1 0.469191118973 1.460835822821 
2 8 7 
p 0.0895925636535498 1 -4.375 1.125 
2 1 3 
p 0.0895925636535498 1 -4.375 1.125 
2 9 10 
p 0.0895925636535498 1 -4.375 1.125 
2 1 3 
p 0.0895925636535498 1 -4.375 1.125 
2 12 11 
p 0.0895925636535498 1 -1.125 4.375 
2 4 2 
p 0.0895925636535498 1 -1.125 4.375 
2 10 12 
p 0.0895925636535498 1 10.678701161015 10.7574445 
2 8 9 
p 0.0895925636535498 1 10.678701161015 10.7574445 
2 1 2 
p 0.0895925636535498 1 0.445184680315194 9.03413300533582 
2 3 4 
p 0.0895925636535498 1 0.445184680315194 9.03413300533582 
2 8 5 
p 0.0895925636535498 1 0.0926267194901475 2.34431405399386 
2 3 4 
p 0.0895925636535498 1 0.0926267194901475 2.34431405399386 
2 10 9 
p 0.0895925636535498 1 0 0.529467 
2 3 4 
p 0.0895925636535498 1 0 0.529467 
2 11 10 
p 0.0895925636535498 1 0.078840992008446 2.09856908199969 
2 3 4 
p 0.0895925636535498 1 0.078840992008446 2.09856908199969 
5 2 4 5 6 3 
p 0.0895925636535498 1 1.37992265632363 1.56767300228568 1.75542334824773 1.94317369420977 2.13092404017182 
5 2 12 13 14 11 
p 0.0895925636535498 1 1.37992265632363 1.56767300228568 1.75542334824773 1.94317369420977 2.13092404017182 
2 1 2 
p 0.0895925636535498 1 0 5.5 
2 2 4 
p 0.0895925636535498 1 0 5.5 
2 7 3 
p 0.0895925636535498 1 0 5.5 
2 1 3 
p 0.0895925636535498 1 0 5.5 
2 2 4 
